0.0	1.0800000429153442
1.0096936873072682	1.1200000047683716
2.0193873746145363	1.159999966621399
3.0290810619218043	1.2000000476837158
4.038774749229073	1.2200000286102295
5.048468436536341	1.2300000190734863
6.0581621238436085	1.25
7.067855811150877	1.2699999809265137
8.077549498458145	1.309999942779541
9.087243185765413	1.3200000524520874
10.096936873072682	1.3600000143051147
11.10663056037995	1.3899999856948853
12.116324247687217	1.409999966621399
13.126017934994486	1.440000057220459
14.135711622301754	1.4500000476837158
15.145405309609023	1.5
16.15509899691629	1.5199999809265137
17.16479268422356	1.5399999618530273
18.174486371530826	1.5800000429153442
19.184180058838095	1.6200000047683716
20.193873746145364	1.659999966621399
21.20356743345263	1.7100000381469727
22.2132611207599	1.7599999904632568
23.22295480806717	1.8200000524520874
24.232648495374434	1.8600000143051147
25.242342182681703	1.899999976158142
26.252035869988973	1.9500000476837158
27.261729557296242	1.9900000095367432
28.271423244603508	2.0399999618530273
29.281116931910777	2.119999885559082
30.290810619218046	2.1500000953674316
31.300504306525312	2.2100000381469727
32.31019799383258	2.240000009536743
33.31989168113985	2.299999952316284
34.32958536844712	2.3399999141693115
35.33927905575439	2.380000114440918
36.34897274306165	2.4200000762939453
37.35866643036892	2.4600000381469727
38.36836011767619	2.490000009536743
39.37805380498346	2.5299999713897705
40.38774749229073	2.569999933242798
41.397441179598	2.619999885559082
42.40713486690526	2.6600000858306885
43.41682855421253	2.690000057220459
44.4265222415198	2.7699999809265137
45.43621592882707	2.8299999237060547
46.44590961613434	2.869999885559082
47.455603303441606	2.9100000858306885
48.46529699074887	2.9600000381469727
49.47499067805614	2.9800000190734863
50.48468436536341	3.069999933242798
51.494378052670676	3.109999895095825
52.504071739977945	3.1700000762939453
53.513765427285215	3.240000009536743
54.523459114592484	3.2899999618530273
55.533152801899746	3.3399999141693115
56.542846489207015	3.390000104904175
57.552540176514285	3.4700000286102295
58.562233863821554	3.5199999809265137
59.57192755112882	3.5799999237060547
60.58162123843609	3.6600000858306885
61.591314925743355	3.7200000286102295
62.601008613050624	3.799999952316284
63.61070230035789	3.8499999046325684
64.62039598766516	3.9200000762939453
65.63008967497242	4.0
66.6397833622797	4.050000190734863
67.64947704958696	4.119999885559082
68.65917073689424	4.190000057220459
69.6688644242015	4.260000228881836
70.67855811150878	4.340000152587891
71.68825179881604	4.420000076293945
72.6979454861233	4.480000019073486
73.70763917343058	4.570000171661377
74.71733286073784	4.650000095367432
75.72702654804512	4.730000019073486
76.73672023535238	4.809999942779541
77.74641392265964	4.860000133514404
78.75610760996692	4.949999809265137
79.76580129727418	5.050000190734863
80.77549498458146	5.159999847412109
81.78518867188872	5.260000228881836
82.794882359196	5.420000076293945
83.80457604650326	5.559999942779541
84.81426973381052	5.889999866485596
85.8239634211178	6.769999980926514
86.83365710842506	7.239999771118164
87.84335079573233	7.400000095367432
88.8530444830396	7.550000190734863
89.86273817034687	7.679999828338623
90.87243185765414	7.829999923706055
91.8821255449614	7.960000038146973
92.89181923226867	8.0600004196167
93.90151291957594	8.329999923706055
94.91120660688321	8.680000305175781
95.92090029419047	8.550000190734863
96.93059398149774	8.470000267028809
97.94028766880501	8.470000267028809
98.94998135611227	8.550000190734863
99.95967504341955	8.630000114440918
100.96936873072681	8.739999771118164
101.97906241803409	8.800000190734863
102.98875610534135	9.0
103.99844979264861	9.140000343322754
105.00814347995589	9.1899995803833
106.01783716726315	9.34000015258789
107.02753085457043	9.520000457763672
108.03722454187769	9.579999923706055
109.04691822918497	9.649999618530273
110.05661191649223	9.779999732971191
111.06630560379949	9.890000343322754
112.07599929110677	10.020000457763672
113.08569297841403	10.210000038146973
114.0953866657213	10.369999885559082
115.10508035302857	10.520000457763672
116.11477404033585	10.699999809265137
117.12446772764311	10.890000343322754
118.13416141495037	11.09000015258789
119.14385510225765	11.270000457763672
120.15354878956491	11.479999542236328
121.16324247687218	11.859999656677246
122.17293616417945	12.09000015258789
123.18262985148671	12.3100004196167
124.19232353879399	12.510000228881836
125.20201722610125	12.720000267028809
126.21171091340852	12.949999809265137
127.22140460071579	13.220000267028809
128.23109828802305	13.699999809265137
129.24079197533032	13.930000305175781
130.2504856626376	14.130000114440918
131.26017934994485	14.399999618530273
132.26987303725213	14.670000076293945
133.2795667245594	14.880000114440918
134.28926041186668	15.039999961853027
135.29895409917393	15.25
136.3086477864812	15.579999923706055
137.31834147378848	15.729999542236328
138.32803516109573	15.899999618530273
139.337728848403	16.09000015258789
140.34742253571028	16.290000915527344
141.35711622301756	16.510000228881836
142.3668099103248	16.700000762939453
143.37650359763208	17.100000381469727
144.38619728493936	17.329999923706055
145.3958909722466	17.549999237060547
146.40558465955388	17.739999771118164
147.41527834686116	17.850000381469727
148.42497203416843	17.93000030517578
149.43466572147568	18.040000915527344
150.44435940878296	18.15999984741211
151.45405309609023	18.3799991607666
152.46374678339748	18.540000915527344
153.47344047070476	18.649999618530273
154.48313415801204	18.639999389648438
155.49282784531928	18.729999542236328
156.50252153262656	18.81999969482422
157.51221521993384	18.850000381469727
158.5219089072411	18.93000030517578
159.53160259454836	18.950000762939453
160.54129628185564	18.979999542236328
161.5509899691629	18.989999771118164
162.56068365647016	19.020000457763672
163.57037734377744	19.030000686645508
164.5800710310847	19.030000686645508
165.589764718392	19.030000686645508
166.59945840569924	19.040000915527344
167.60915209300651	19.020000457763672
168.6188457803138	18.979999542236328
169.62853946762104	18.950000762939453
170.63823315492832	18.90999984741211
171.6479268422356	18.8700008392334
172.65762052954287	18.81999969482422
173.66731421685012	18.709999084472656
174.6770079041574	18.610000610351562
175.68670159146467	18.510000228881836
176.69639527877192	18.399999618530273
177.7060889660792	18.280000686645508
178.71578265338647	18.18000030517578
179.72547634069375	17.979999542236328
180.735170028001	17.770000457763672
181.74486371530827	17.079999923706055
182.75455740261555	16.520000457763672
183.7642510899228	15.960000038146973
184.77394477723007	15.40999984741211
185.78363846453735	14.880000114440918
186.79333215184462	14.3100004196167
187.80302583915187	13.75
188.81271952645915	12.949999809265137
189.82241321376642	12.40999984741211
190.83210690107367	11.920000076293945
191.84180058838095	11.40999984741211
192.85149427568822	10.869999885559082
193.86118796299547	10.3100004196167
194.87088165030275	9.829999923706055
195.88057533761003	9.359999656677246
196.8902690249173	9.220000267028809
197.89996271222455	9.130000114440918
198.90965639953183	9.130000114440918
199.9193500868391	9.109999656677246
200.92904377414635	9.170000076293945
201.93873746145363	9.199999809265137
202.9484311487609	9.3100004196167
203.95812483606818	9.239999771118164
204.96781852337543	9.329999923706055
205.9775122106827	9.399999618530273
206.98720589798998	9.220000267028809
