0.0	0.37336814403533936
1.0096936873072682	0.41339045763015747
2.0193873746145363	0.4495871961116791
3.0290810619218043	0.493381142616272
4.038774749229073	0.5339975357055664
5.048468436536341	0.5771679878234863
6.0581621238436085	0.6134034991264343
7.067855811150877	0.6465567946434021
8.077549498458145	0.6757808327674866
9.087243185765413	0.712960958480835
10.096936873072682	0.7598727345466614
11.10663056037995	0.7971466779708862
12.116324247687217	0.8380022048950195
13.126017934994486	0.8676270842552185
14.135711622301754	0.896227240562439
15.145405309609023	0.9268838167190552
16.15509899691629	0.9561223983764648
17.16479268422356	0.9847879409790039
18.174486371530826	1.0286352634429932
19.184180058838095	1.0598278045654297
20.193873746145364	1.0863820314407349
21.20356743345263	1.1160660982131958
22.2132611207599	1.151808261871338
23.22295480806717	1.1798025369644165
24.232648495374434	1.2098417282104492
25.242342182681703	1.2401485443115234
26.252035869988973	1.2729798555374146
27.261729557296242	1.301300048828125
28.271423244603508	1.3271570205688477
29.281116931910777	1.3518744707107544
30.290810619218046	1.3783782720565796
31.300504306525312	1.4058053493499756
32.31019799383258	1.4303253889083862
33.31989168113985	1.4583220481872559
34.32958536844712	1.49583101272583
35.33927905575439	1.5307773351669312
36.34897274306165	1.5675067901611328
37.35866643036892	1.6079355478286743
38.36836011767619	1.6535507440567017
39.37805380498346	1.7059125900268555
40.38774749229073	1.760018229484558
41.397441179598	1.8197108507156372
42.40713486690526	1.8790134191513062
43.41682855421253	1.9409441947937012
44.4265222415198	2.0042848587036133
45.43621592882707	2.076326370239258
46.44590961613434	2.149449586868286
47.455603303441606	2.2261431217193604
48.46529699074887	2.323028802871704
49.47499067805614	2.4002199172973633
50.48468436536341	2.48711895942688
51.494378052670676	2.574498176574707
52.504071739977945	2.6642704010009766
53.513765427285215	2.771756172180176
54.523459114592484	2.878215789794922
55.533152801899746	2.9794819355010986
56.542846489207015	3.1028473377227783
57.552540176514285	3.2078232765197754
58.562233863821554	3.31437611579895
59.57192755112882	3.4138741493225098
60.58162123843609	3.5086686611175537
61.591314925743355	3.597069025039673
62.601008613050624	3.6714537143707275
63.61070230035789	3.792288064956665
64.62039598766516	3.850971221923828
65.63008967497242	3.891296625137329
66.6397833622797	3.9123387336730957
67.64947704958696	3.936823844909668
68.65917073689424	3.9600558280944824
69.6688644242015	3.9789702892303467
70.67855811150878	4.01125431060791
71.68825179881604	4.039144992828369
72.6979454861233	4.072763442993164
73.70763917343058	4.122043132781982
74.71733286073784	4.187550067901611
75.72702654804512	4.269241809844971
76.73672023535238	4.378006935119629
77.74641392265964	4.505083084106445
78.75610760996692	4.67079496383667
79.76580129727418	4.8468217849731445
80.77549498458146	5.0340800285339355
81.78518867188872	5.228759765625
82.794882359196	5.470047950744629
83.80457604650326	5.79056453704834
84.81426973381052	6.265532493591309
85.8239634211178	6.781447887420654
86.83365710842506	7.143146991729736
87.84335079573233	7.330627918243408
88.8530444830396	7.411346912384033
89.86273817034687	7.544761657714844
90.87243185765414	7.717197895050049
91.8821255449614	7.934433460235596
92.89181923226867	8.2383394241333
93.90151291957594	8.545019149780273
94.91120660688321	8.79511833190918
95.92090029419047	8.983699798583984
96.93059398149774	9.138569831848145
97.94028766880501	9.284112930297852
98.94998135611227	9.581735610961914
99.95967504341955	9.778341293334961
100.96936873072681	9.987675666809082
101.97906241803409	10.210760116577148
102.98875610534135	10.452728271484375
103.99844979264861	10.719133377075195
105.00814347995589	10.99903392791748
106.01783716726315	11.283641815185547
107.02753085457043	11.570183753967285
108.03722454187769	11.85804557800293
109.04691822918497	12.21477222442627
110.05661191649223	12.457663536071777
111.06630560379949	12.733041763305664
112.07599929110677	13.021407127380371
113.08569297841403	13.306550025939941
114.0953866657213	13.585907936096191
115.10508035302857	13.876266479492188
116.11477404033585	14.176227569580078
117.12446772764311	14.6395263671875
118.13416141495037	14.888225555419922
119.14385510225765	15.165953636169434
120.15354878956491	15.470474243164062
121.16324247687218	15.809521675109863
122.17293616417945	16.195512771606445
123.18262985148671	16.607158660888672
124.19232353879399	17.17324447631836
125.20201722610125	17.497379302978516
126.21171091340852	17.90411376953125
127.22140460071579	18.420915603637695
128.23109828802305	19.00735092163086
129.24079197533032	19.60152816772461
130.2504856626376	19.980039596557617
131.26017934994485	20.058332443237305
132.26987303725213	20.175655364990234
133.2795667245594	20.214359283447266
134.28926041186668	20.2352294921875
135.29895409917393	20.262630462646484
136.3086477864812	20.292949676513672
137.31834147378848	20.345691680908203
138.32803516109573	20.403162002563477
139.337728848403	20.38931655883789
140.34742253571028	20.371421813964844
141.35711622301756	20.372135162353516
142.3668099103248	20.384571075439453
143.37650359763208	20.387035369873047
144.38619728493936	20.36812973022461
145.3958909722466	20.328516006469727
146.40558465955388	20.265350341796875
147.41527834686116	20.128952026367188
148.42497203416843	20.040176391601562
149.43466572147568	19.941755294799805
150.44435940878296	19.820640563964844
151.45405309609023	19.683366775512695
152.46374678339748	19.53697967529297
153.47344047070476	19.37850570678711
154.48313415801204	19.123218536376953
155.49282784531928	18.903013229370117
156.50252153262656	18.588876724243164
157.51221521993384	18.14832305908203
158.5219089072411	17.619476318359375
159.53160259454836	17.07769203186035
160.54129628185564	16.534149169921875
161.5509899691629	15.988237380981445
162.56068365647016	15.23268985748291
163.57037734377744	14.690461158752441
164.5800710310847	14.132157325744629
165.589764718392	13.578824996948242
166.59945840569924	13.03947925567627
167.60915209300651	12.5211181640625
168.6188457803138	12.054476737976074
169.62853946762104	11.548547744750977
170.63823315492832	11.284034729003906
171.6479268422356	11.026371955871582
172.65762052954287	10.811131477355957
173.66731421685012	10.588221549987793
174.6770079041574	10.413314819335938
175.68670159146467	10.218757629394531
176.69639527877192	9.999011039733887
177.7060889660792	9.818655967712402
178.71578265338647	9.581387519836426
179.72547634069375	9.364829063415527
180.735170028001	9.164799690246582
181.74486371530827	9.03238582611084
182.75455740261555	8.97592544555664
183.7642510899228	8.974632263183594
184.77394477723007	8.951807022094727
185.78363846453735	8.867447853088379
186.79333215184462	8.817122459411621
187.80302583915187	8.831433296203613
188.81271952645915	8.809161186218262
189.82241321376642	8.751768112182617
190.83210690107367	8.705118179321289
191.84180058838095	8.67837905883789
192.85149427568822	8.730294227600098
193.86118796299547	8.777959823608398
194.87088165030275	8.825572967529297
195.88057533761003	8.855291366577148
196.8902690249173	8.827820777893066
197.89996271222455	8.809263229370117
198.90965639953183	8.833597183227539
199.9193500868391	8.9666748046875
200.92904377414635	9.00327205657959
201.93873746145363	9.033467292785645
202.9484311487609	9.055244445800781
203.95812483606818	9.084280967712402
204.96781852337543	9.08556842803955
205.9775122106827	9.093559265136719
206.98720589798998	9.137892723083496
