0.0	1.940000057220459
1.0096936873072682	1.9500000476837158
2.0193873746145363	2.0
3.0290810619218043	2.0399999618530273
4.038774749229073	2.0799999237060547
5.048468436536341	2.119999885559082
6.0581621238436085	2.1600000858306885
7.067855811150877	2.1700000762939453
8.077549498458145	2.2200000286102295
9.087243185765413	2.259999990463257
10.096936873072682	2.2699999809265137
11.10663056037995	2.3299999237060547
12.116324247687217	2.3399999141693115
13.126017934994486	2.390000104904175
14.135711622301754	2.440000057220459
15.145405309609023	2.4700000286102295
16.15509899691629	2.490000009536743
17.16479268422356	2.5
18.174486371530826	2.5399999618530273
19.184180058838095	2.559999942779541
20.193873746145364	2.5799999237060547
21.20356743345263	2.5999999046325684
22.2132611207599	2.640000104904175
23.22295480806717	2.6500000953674316
24.232648495374434	2.690000057220459
25.242342182681703	2.7200000286102295
26.252035869988973	2.7300000190734863
27.261729557296242	2.7699999809265137
28.271423244603508	2.7899999618530273
29.281116931910777	2.809999942779541
30.290810619218046	2.819999933242798
31.300504306525312	2.8399999141693115
32.31019799383258	2.8499999046325684
33.31989168113985	2.880000114440918
34.32958536844712	2.890000104904175
35.33927905575439	2.9100000858306885
36.34897274306165	2.940000057220459
37.35866643036892	2.940000057220459
38.36836011767619	2.950000047683716
39.37805380498346	2.9700000286102295
40.38774749229073	2.990000009536743
41.397441179598	2.990000009536743
42.40713486690526	3.009999990463257
43.41682855421253	3.009999990463257
44.4265222415198	3.0199999809265137
45.43621592882707	3.049999952316284
46.44590961613434	3.0899999141693115
47.455603303441606	3.130000114440918
48.46529699074887	3.1700000762939453
49.47499067805614	3.240000009536743
50.48468436536341	3.309999942779541
51.494378052670676	3.4000000953674316
52.504071739977945	3.490000009536743
53.513765427285215	3.5199999809265137
54.523459114592484	3.559999942779541
55.533152801899746	3.5799999237060547
56.542846489207015	3.5999999046325684
57.552540176514285	3.630000114440918
58.562233863821554	3.640000104904175
59.57192755112882	3.6700000762939453
60.58162123843609	3.700000047683716
61.591314925743355	3.7300000190734863
62.601008613050624	3.7799999713897705
63.61070230035789	3.819999933242798
64.62039598766516	3.880000114440918
65.63008967497242	3.930000066757202
66.6397833622797	4.0
67.64947704958696	4.090000152587891
68.65917073689424	4.150000095367432
69.6688644242015	4.199999809265137
70.67855811150878	4.300000190734863
71.68825179881604	4.389999866485596
72.6979454861233	4.460000038146973
73.70763917343058	4.550000190734863
74.71733286073784	4.650000095367432
75.72702654804512	4.760000228881836
76.73672023535238	4.889999866485596
77.74641392265964	5.0
78.75610760996692	5.170000076293945
79.76580129727418	5.340000152587891
80.77549498458146	5.53000020980835
81.78518867188872	5.710000038146973
82.794882359196	5.949999809265137
83.80457604650326	6.190000057220459
84.81426973381052	6.769999980926514
85.8239634211178	7.260000228881836
86.83365710842506	7.510000228881836
87.84335079573233	7.610000133514404
88.8530444830396	7.699999809265137
89.86273817034687	7.829999923706055
90.87243185765414	7.96999979019165
91.8821255449614	8.170000076293945
92.89181923226867	8.479999542236328
93.90151291957594	8.899999618530273
94.91120660688321	9.029999732971191
95.92090029419047	9.119999885559082
96.93059398149774	9.270000457763672
97.94028766880501	9.40999984741211
98.94998135611227	9.569999694824219
99.95967504341955	9.710000038146973
100.96936873072681	9.90999984741211
101.97906241803409	10.09000015258789
102.98875610534135	10.329999923706055
103.99844979264861	10.569999694824219
105.00814347995589	10.829999923706055
106.01783716726315	11.100000381469727
107.02753085457043	11.399999618530273
108.03722454187769	11.680000305175781
109.04691822918497	11.949999809265137
110.05661191649223	12.140000343322754
111.06630560379949	12.390000343322754
112.07599929110677	12.65999984741211
113.08569297841403	13.239999771118164
114.0953866657213	13.5
115.10508035302857	13.760000228881836
116.11477404033585	14.020000457763672
117.12446772764311	14.25
118.13416141495037	14.5
119.14385510225765	14.760000228881836
120.15354878956491	15.020000457763672
121.16324247687218	15.520000457763672
122.17293616417945	15.880000114440918
123.18262985148671	16.170000076293945
124.19232353879399	16.450000762939453
125.20201722610125	16.780000686645508
126.21171091340852	17.110000610351562
127.22140460071579	17.43000030517578
128.23109828802305	17.989999771118164
129.24079197533032	18.290000915527344
130.2504856626376	18.56999969482422
131.26017934994485	18.8799991607666
132.26987303725213	19.200000762939453
133.2795667245594	19.479999542236328
134.28926041186668	19.639999389648438
135.29895409917393	19.799999237060547
136.3086477864812	20.059999465942383
137.31834147378848	20.25
138.32803516109573	20.40999984741211
139.337728848403	20.56999969482422
140.34742253571028	20.579999923706055
141.35711622301756	20.540000915527344
142.3668099103248	20.479999542236328
143.37650359763208	20.420000076293945
144.38619728493936	20.350000381469727
145.3958909722466	20.290000915527344
146.40558465955388	20.209999084472656
147.41527834686116	20.1299991607666
148.42497203416843	20.06999969482422
149.43466572147568	19.969999313354492
150.44435940878296	19.860000610351562
151.45405309609023	19.760000228881836
152.46374678339748	19.6299991607666
153.47344047070476	19.510000228881836
154.48313415801204	19.3700008392334
155.49282784531928	19.219999313354492
156.50252153262656	19.049999237060547
157.51221521993384	18.8799991607666
158.5219089072411	18.530000686645508
159.53160259454836	18.229999542236328
160.54129628185564	17.860000610351562
161.5509899691629	17.420000076293945
162.56068365647016	16.989999771118164
163.57037734377744	16.469999313354492
164.5800710310847	15.960000038146973
165.589764718392	15.470000267028809
166.59945840569924	14.6899995803833
167.60915209300651	14.149999618530273
168.6188457803138	13.619999885559082
169.62853946762104	13.0600004196167
170.63823315492832	12.520000457763672
171.6479268422356	11.970000267028809
172.65762052954287	11.539999961853027
173.66731421685012	11.029999732971191
174.6770079041574	10.819999694824219
175.68670159146467	10.65999984741211
176.69639527877192	10.380000114440918
177.7060889660792	10.100000381469727
178.71578265338647	9.829999923706055
179.72547634069375	9.609999656677246
180.735170028001	9.520000457763672
181.74486371530827	9.229999542236328
182.75455740261555	9.1899995803833
183.7642510899228	9.15999984741211
184.77394477723007	9.109999656677246
185.78363846453735	9.079999923706055
186.79333215184462	9.0
187.80302583915187	8.979999542236328
188.81271952645915	9.010000228881836
189.82241321376642	8.9399995803833
190.83210690107367	8.890000343322754
191.84180058838095	8.84000015258789
192.85149427568822	8.819999694824219
193.86118796299547	8.850000381469727
194.87088165030275	8.890000343322754
195.88057533761003	8.960000038146973
196.8902690249173	9.130000114440918
197.89996271222455	9.09000015258789
198.90965639953183	9.010000228881836
199.9193500868391	9.039999961853027
200.92904377414635	9.109999656677246
201.93873746145363	9.130000114440918
202.9484311487609	9.180000305175781
203.95812483606818	9.199999809265137
204.96781852337543	9.300000190734863
205.9775122106827	9.260000228881836
206.98720589798998	9.210000038146973
